dbn,score,travel_time,geom
16K498,3.89,70.98333333333333,POINT (-73.9209060000000022 40.6888310000000004)
17K524,4.11,86.86666666666666,POINT (-73.9616950000000060 40.6703490000000016)
02M531,3.99,76.11666666666666,POINT (-73.9843819999999965 40.7558429999999987)
05M670,3.27,94.61666666666666,POINT (-73.9442020000000042 40.8155089999999987)
03M291,4.66,89.41666666666667,POINT (-73.9874789999999933 40.7720070000000021)
24Q299,4.49,74.71666666666667,POINT (-73.9366349999999954 40.7450949999999992)
17K408,4.47,89.85,POINT (-73.9585500000000025 40.6497870000000034)
19K683,3.52,76.45,POINT (-73.8742079999999959 40.6707239999999999)
02M407,3.59,86.46666666666667,POINT (-73.9830309999999969 40.7324470000000005)
27Q302,4.19,76.06666666666666,POINT (-73.7627949999999970 40.6020099999999999)
12X251,3.83,105.75,POINT (-73.8904579999999953 40.8359000000000023)
03M485,3.17,92.86666666666666,POINT (-73.9852730000000065 40.7736289999999997)
15K429,3.27,87.56666666666666,POINT (-73.9933510000000041 40.6854190000000031)
21K559,4.03,122.78333333333333,POINT (-73.9857700000000023 40.5942909999999983)
24Q560,3.16,87.6,POINT (-73.9367819999999938 40.7428389999999965)
11X290,2.97,123.25,POINT (-73.8619699999999995 40.8759530000000026)
09X250,2.88,112.05,POINT (-73.9024990000000059 40.8336650000000034)
03M417,3.59,88.18333333333334,POINT (-73.9746140000000025 40.7858030000000014)
17K547,3.48,86.86666666666666,POINT (-73.9616950000000060 40.6703490000000016)
02M437,3.14,85.51666666666667,POINT (-74.0021359999999930 40.7428669999999968)
27Q323,2.3,83.33333333333333,POINT (-73.8257109999999983 40.5841089999999980)
11X545,2.76,123.25,POINT (-73.8619699999999995 40.8759530000000026)
28Q687,4.33,50.03333333333333,POINT (-73.7981510000000043 40.7010489999999976)
17K528,3.3,86.86666666666666,POINT (-73.9616950000000060 40.6703490000000016)
17K751,3.2,82.83333333333333,POINT (-73.9388430000000056 40.6756120000000010)
18K576,2.93,83.48333333333333,POINT (-73.9167350000000027 40.6332850000000008)
19K404,3.03,127.4,POINT (-73.8747560000000050 40.6574590000000029)
15K684,4.01,91.96666666666667,POINT (-73.9792869999999994 40.6696290000000005)
31R445,3.93,145.81666666666666,POINT (-74.1418180000000007 40.6345730000000032)
23K514,4.7,82.4,POINT (-73.9117049999999978 40.6658779999999993)
15K497,4.58,87.56666666666666,POINT (-73.9933510000000041 40.6854190000000031)
02M294,4.56,87.16666666666667,POINT (-73.9893370000000061 40.7167779999999979)
05M304,4.6,91.91666666666667,POINT (-73.9477119999999957 40.8173719999999989)
02M413,4.79,85.33333333333333,POINT (-73.9854789999999980 40.7389519999999976)
04M372,4.78,94.93333333333334,POINT (-73.9423029999999954 40.7930700000000002)
07X334,3.19,92.68333333333334,POINT (-73.9177920000000057 40.8100400000000008)
02M655,4.01,85.9,POINT (-73.9456370000000049 40.7836250000000007)
31R450,2.91,127.86666666666666,POINT (-74.0812219999999968 40.6447349999999972)
18K637,3.27,83.48333333333333,POINT (-73.9167350000000027 40.6332850000000008)
21K410,2.84,105.76666666666667,POINT (-73.9673080000000027 40.5816810000000032)
09X543,3.5,110.56666666666666,POINT (-73.9044729999999959 40.8276419999999973)
02M303,2.83,99.61666666666666,POINT (-73.9929530000000000 40.7651839999999979)
08X558,3.39,119.9,POINT (-73.8385449999999963 40.8407020000000003)
02M412,4.9,81.2,POINT (-74.0021980000000070 40.7421289999999985)
04M495,2.65,94.65,POINT (-73.9443559999999991 40.7905429999999996)
02M047,3.3,86.61666666666666,POINT (-73.9824550000000016 40.7385480000000015)
07X600,4.83,100.4,POINT (-73.9198669999999964 40.8182320000000018)
14K449,3.53,86.06666666666666,POINT (-73.9436409999999995 40.7099410000000006)
09X404,3.89,110.56666666666666,POINT (-73.9044729999999959 40.8276419999999973)
06M540,4.25,102.71666666666667,POINT (-73.9503559999999993 40.8181879999999992)
26Q495,4.16,87.13333333333334,POINT (-73.7802960000000070 40.7717549999999989)
02M425,2.42,88.65,POINT (-74.0123320000000007 40.7087300000000027)
10X565,2.56,121.58333333333333,POINT (-73.8827150000000046 40.8556979999999967)
11X249,4.42,139.66666666666666,POINT (-73.8339040000000040 40.8740910000000000)
21K468,3.07,122.78333333333333,POINT (-73.9857700000000023 40.5942909999999983)
02M135,3.5,91.51666666666667,POINT (-74.0008509999999973 40.7114419999999981)
32K403,4.51,78.3,POINT (-73.9107910000000032 40.6969700000000003)
02M420,3.28,86.46666666666667,POINT (-73.9830309999999969 40.7324470000000005)
16K765,4.83,76.5,POINT (-73.9324069999999978 40.6794399999999996)
25Q670,3.82,60.8,POINT (-73.8106970000000047 40.7256029999999996)
19K507,2.8,71.06666666666666,POINT (-73.8947469999999953 40.6674560000000014)
09X505,2.61,107.93333333333334,POINT (-73.9186810000000065 40.8276070000000004)
31R600,3.92,127.11666666666666,POINT (-74.0787299999999931 40.6427929999999975)
09X365,4.26,103.46666666666667,POINT (-73.9160700000000048 40.8496230000000011)
13K265,3.28,93.26666666666667,POINT (-73.9757800000000003 40.6963239999999971)
01M448,3.52,107.31666666666666,POINT (-73.9844970000000046 40.7123989999999978)
18K633,2.53,79.48333333333333,POINT (-73.8982539999999943 40.6414740000000023)
19K615,0.0,69.38333333333334,POINT (-73.8759600000000063 40.6782759999999968)
20K445,2.5,104.36666666666666,POINT (-74.0034040000000033 40.6132619999999989)
07X427,3.62,96.96666666666667,POINT (-73.9303859999999986 40.8159380000000027)
24Q236,3.64,68.93333333333334,POINT (-73.8747209999999939 40.7411219999999972)
27Q260,3.02,76.06666666666666,POINT (-73.7627949999999970 40.6020099999999999)
11X514,3.11,131.61666666666667,POINT (-73.8526939999999996 40.8878309999999985)
09X227,3.93,101.95,POINT (-73.9109100000000012 40.8404219999999967)
02M282,4.33,91.51666666666667,POINT (-74.0008509999999973 40.7114419999999981)
03M415,4.69,98.08333333333333,POINT (-73.9541420000000045 40.8022070000000028)
10X477,2.73,108.38333333333334,POINT (-73.9122559999999993 40.8771050000000002)
29Q243,2.88,51.13333333333333,POINT (-73.7457279999999997 40.6978190000000026)
25Q281,4.83,78.55,POINT (-73.8220730000000032 40.7495449999999977)
06M467,4.16,103.3,POINT (-73.9270510000000058 40.8559539999999970)
21K540,2.85,109.63333333333334,POINT (-73.9817380000000071 40.5892679999999970)
15K592,3.41,81.35,POINT (-73.9796489999999949 40.6864989999999977)
27Q400,4.21,44.516666666666666,POINT (-73.7833420000000046 40.6756329999999977)
29Q492,4.76,51.13333333333333,POINT (-73.7457279999999997 40.6978190000000026)
24Q267,4.4,74.71666666666667,POINT (-73.9366349999999954 40.7450949999999992)
02M439,4.58,80.88333333333334,POINT (-73.9915120000000002 40.7414970000000025)
10X368,3.48,114.81666666666666,POINT (-73.9098960000000034 40.8793679999999995)
13K350,1.79,86.7,POINT (-73.9850160000000017 40.6973389999999995)
27Q308,2.91,56.016666666666666,POINT (-73.8451409999999981 40.6712399999999974)
21K337,2.65,122.78333333333333,POINT (-73.9857700000000023 40.5942909999999983)
28Q350,4.34,59.13333333333333,POINT (-73.7972369999999955 40.7132179999999977)
16K688,3.04,128.93333333333334,POINT (-73.9336969999999951 40.6912739999999999)
28Q620,2.76,57.36666666666667,POINT (-73.8003690000000034 40.7153890000000018)
06M463,2.72,103.3,POINT (-73.9270510000000058 40.8559539999999970)
06M468,4.65,103.3,POINT (-73.9270510000000058 40.8559539999999970)
10X237,3.3,118.55,POINT (-73.9010990000000021 40.8759110000000021)
01M509,4.14,93.91666666666667,POINT (-73.9856450000000052 40.7205810000000028)
28Q167,3.67,60.916666666666664,POINT (-73.8566979999999944 40.7113670000000027)
08X367,3.14,125.38333333333334,POINT (-73.8565799999999939 40.8148330000000001)
17K539,3.51,89.85,POINT (-73.9585500000000025 40.6497870000000034)
24Q455,2.48,68.93333333333334,POINT (-73.8747209999999939 40.7411219999999972)
27Q475,2.47,52.8,POINT (-73.8336809999999986 40.6958879999999965)
07X548,3.09,101.9,POINT (-73.9238289999999978 40.8223100000000017)
23K493,2.84,81.86666666666666,POINT (-73.9132730000000038 40.6741030000000023)
02M545,3.47,87.16666666666667,POINT (-73.9893370000000061 40.7167779999999979)
15K667,4.36,94.76666666666667,POINT (-74.0051969999999955 40.6557099999999991)
02M280,3.99,91.51666666666667,POINT (-74.0008509999999973 40.7114419999999981)
06M348,2.86,100.31666666666666,POINT (-73.9309480000000008 40.8489080000000016)
13K439,3.96,86.7,POINT (-73.9850160000000017 40.6973389999999995)
07X500,3.22,97.91666666666667,POINT (-73.9122399999999971 40.8154979999999981)
14K614,2.42,89.0,POINT (-73.9394070000000028 40.7052040000000019)
07X522,4.72,100.4,POINT (-73.9198669999999964 40.8182320000000018)
07X473,3.71,101.88333333333334,POINT (-73.9110299999999967 40.8182499999999990)
18K617,2.37,79.48333333333333,POINT (-73.8982539999999943 40.6414740000000023)
10X351,3.68,112.76666666666667,POINT (-73.8869100000000003 40.8821780000000032)
25Q460,2.3,79.76666666666667,POINT (-73.8278899999999965 40.7651660000000007)
30Q502,3.95,70.01666666666667,POINT (-73.9463800000000049 40.7487009999999970)
30Q445,3.89,73.65,POINT (-73.9105140000000063 40.7582299999999975)
10X268,2.64,109.03333333333333,POINT (-73.8983089999999976 40.8702929999999967)
06M552,2.99,100.66666666666667,POINT (-73.9386420000000015 40.8381669999999986)
11X542,2.81,124.2,POINT (-73.8610060000000033 40.8596649999999997)
03M541,3.3,84.73333333333333,POINT (-73.9847529999999978 40.7743510000000029)
05M499,3.05,101.28333333333333,POINT (-73.9371199999999931 40.8243190000000027)
14K477,2.7,85.06666666666666,POINT (-73.9397220000000033 40.7121840000000006)
22K425,2.51,108.55,POINT (-73.9485119999999938 40.6099120000000013)
31R064,3.41,143.93333333333334,POINT (-74.1585890000000063 40.5813149999999965)
32K545,3.08,77.8,POINT (-73.9291070000000019 40.6945070000000015)
02M399,3.28,90.5,POINT (-73.9876589999999936 40.7354940000000028)
11X288,2.28,124.2,POINT (-73.8610060000000033 40.8596649999999997)
12X511,3.49,105.75,POINT (-73.8904579999999953 40.8359000000000023)
01M696,2.69,93.78333333333333,POINT (-73.9758910000000043 40.7190289999999990)
21K620,3.51,112.8,POINT (-73.9634769999999975 40.5825850000000017)
02M534,2.99,84.78333333333333,POINT (-73.9948579999999936 40.7365179999999967)
17K531,1.86,96.65,POINT (-73.9424580000000020 40.6588929999999991)
02M605,2.69,85.51666666666667,POINT (-74.0021359999999930 40.7428669999999968)
22K611,3.16,111.86666666666666,POINT (-73.9376960000000025 40.5941240000000008)
02M392,3.27,85.51666666666667,POINT (-74.0021359999999930 40.7428669999999968)
10X546,3.44,108.38333333333334,POINT (-73.9122559999999993 40.8771050000000002)
03M859,3.79,84.73333333333333,POINT (-73.9847529999999978 40.7743510000000029)
18K567,3.7,83.48333333333333,POINT (-73.9167350000000027 40.6332850000000008)
12X478,4.24,109.13333333333334,POINT (-73.8777850000000029 40.8314159999999973)
13K595,3.01,75.48333333333333,POINT (-73.9543019999999984 40.6853800000000021)
02M418,3.96,93.76666666666667,POINT (-74.0115559999999988 40.7044870000000003)
10X243,3.97,129.43333333333334,POINT (-73.8882669999999990 40.8600429999999974)
08X293,3.06,119.9,POINT (-73.8385449999999963 40.8407020000000003)
12X267,3.28,112.75,POINT (-73.9001049999999964 40.8277429999999981)
03M860,4.75,98.08333333333333,POINT (-73.9541420000000045 40.8022070000000028)
04M435,4.08,93.36666666666666,POINT (-73.9340279999999979 40.7938559999999981)
17K600,3.01,86.8,POINT (-73.9619619999999998 40.6695670000000007)
11X270,3.16,131.61666666666667,POINT (-73.8526939999999996 40.8878309999999985)
18K563,3.28,98.6,POINT (-73.9221710000000058 40.6486570000000000)
05M369,3.1,94.51666666666667,POINT (-73.9553250000000020 40.8152559999999980)
03M479,3.84,99.61666666666666,POINT (-73.9958019999999976 40.7614519999999985)
03M307,2.56,84.73333333333333,POINT (-73.9847529999999978 40.7743510000000029)
28Q284,2.74,51.666666666666664,POINT (-73.7871920000000046 40.6971899999999991)
10X264,3.83,121.58333333333333,POINT (-73.8827150000000046 40.8556979999999967)
25Q252,3.78,61.7,POINT (-73.8102159999999969 40.7244579999999985)
25Q241,3.74,79.76666666666667,POINT (-73.8278899999999965 40.7651660000000007)
02M408,2.53,75.76666666666667,POINT (-73.9880189999999942 40.7614480000000015)
28Q328,2.6,59.13333333333333,POINT (-73.7972369999999955 40.7132179999999977)
13K605,2.73,84.56666666666666,POINT (-73.9860149999999948 40.6949260000000024)
11X275,3.23,123.25,POINT (-73.8619699999999995 40.8759530000000026)
30Q450,2.99,82.3,POINT (-73.9328000000000003 40.7658259999999970)
02M298,1.71,84.93333333333334,POINT (-73.9930920000000043 40.7165529999999976)
19K764,3.07,53.916666666666664,POINT (-73.8683280000000053 40.6911460000000034)
02M580,2.5,84.61666666666666,POINT (-74.0129770000000065 40.7050240000000016)
12X388,2.98,110.41666666666667,POINT (-73.8789119999999997 40.8316009999999991)
08X452,4.58,116.2,POINT (-73.8561669999999992 40.8222900000000024)
01M539,3.26,104.26666666666667,POINT (-73.9793080000000032 40.7188950000000034)
02M427,4.31,82.13333333333334,POINT (-73.9812409999999971 40.7461759999999984)
28Q690,3.53,44.583333333333336,POINT (-73.7841439999999977 40.6862080000000006)
02M376,4.02,85.96666666666667,POINT (-74.0046250000000043 40.7244000000000028)
09X568,4.32,106.2,POINT (-73.9084270000000032 40.8485159999999965)
17K122,4.03,82.83333333333333,POINT (-73.9388430000000056 40.6756120000000010)
22K405,4.35,96.13333333333334,POINT (-73.9529289999999975 40.6332370000000012)
10X524,2.76,121.58333333333333,POINT (-73.8827150000000046 40.8556979999999967)
08X320,4.36,119.9,POINT (-73.8385449999999963 40.8407020000000003)
07X223,4.9,97.2,POINT (-73.9207820000000027 40.8139830000000003)
02M414,4.86,81.2,POINT (-74.0021980000000070 40.7421289999999985)
29Q327,3.58,45.233333333333334,POINT (-73.7789230000000060 40.6917120000000025)
24Q610,3.3,75.86666666666666,POINT (-73.9290759999999949 40.7435090000000031)
02M500,4.35,82.13333333333334,POINT (-73.9812409999999971 40.7461759999999984)
19K618,3.37,53.916666666666664,POINT (-73.8683280000000053 40.6911460000000034)
02M419,4.86,85.51666666666667,POINT (-74.0021359999999930 40.7428669999999968)
20K609,4.23,96.21666666666667,POINT (-73.9815279999999973 40.6348750000000010)
13K670,3.03,94.65,POINT (-73.9692430000000058 40.6953320000000005)
09X231,2.89,113.73333333333333,POINT (-73.8970499999999930 40.8449579999999983)
28Q325,2.97,59.13333333333333,POINT (-73.7972369999999955 40.7132179999999977)
10X438,3.31,129.43333333333334,POINT (-73.8882669999999990 40.8600429999999974)
11X265,3.28,123.25,POINT (-73.8619699999999995 40.8759530000000026)
19K659,3.8,53.916666666666664,POINT (-73.8683280000000053 40.6911460000000034)
15K464,2.96,91.96666666666667,POINT (-73.9792869999999994 40.6696290000000005)
28Q896,2.97,51.166666666666664,POINT (-73.8064119999999946 40.7075269999999989)
14K488,3.45,88.83333333333333,POINT (-73.9547539999999941 40.7150729999999967)
14K558,3.01,88.83333333333333,POINT (-73.9547539999999941 40.7150729999999967)
08X559,3.56,108.53333333333333,POINT (-73.9035460000000057 40.8216749999999990)
17K537,4.3,89.85,POINT (-73.9585500000000025 40.6497870000000034)
26Q415,3.2,80.81666666666666,POINT (-73.7559899999999971 40.7523330000000001)
19K409,3.57,83.76666666666667,POINT (-73.8869420000000048 40.6610719999999972)
04M610,3.62,91.28333333333333,POINT (-73.9474280000000022 40.7927409999999995)
10X225,2.98,114.73333333333333,POINT (-73.8967169999999953 40.8544929999999979)
12X682,3.93,105.96666666666667,POINT (-73.8862599999999929 40.8308699999999973)
24Q264,2.56,74.71666666666667,POINT (-73.9366349999999954 40.7450949999999992)
13K483,3.07,83.26666666666667,POINT (-73.9888530000000060 40.6946820000000002)
29Q498,4.19,51.13333333333333,POINT (-73.7457279999999997 40.6978190000000026)
09X413,3.54,101.95,POINT (-73.9109100000000012 40.8404219999999967)
03M402,4.89,88.18333333333334,POINT (-73.9746140000000025 40.7858030000000014)
27Q480,4.17,48.61666666666667,POINT (-73.8372980000000041 40.6796390000000017)
02M489,2.05,89.23333333333333,POINT (-74.0120220000000018 40.7091959999999986)
02M300,3.08,99.61666666666666,POINT (-73.9929530000000000 40.7651839999999979)
30Q258,3.35,82.43333333333334,POINT (-73.9326640000000026 40.7570649999999972)
11X509,2.57,124.2,POINT (-73.8610060000000033 40.8596649999999997)
07X221,3.46,97.2,POINT (-73.9207820000000027 40.8139830000000003)
22K555,2.28,90.43333333333334,POINT (-73.9717360000000070 40.6494039999999970)
21K344,2.42,113.18333333333334,POINT (-73.9731320000000068 40.5825329999999980)
04M680,3.18,90.98333333333333,POINT (-73.9465579999999960 40.7918809999999965)
02M600,3.49,84.03333333333333,POINT (-73.9960739999999930 40.7451560000000015)
24Q530,4.02,73.73333333333333,POINT (-73.9336399999999969 40.7444119999999970)
02M519,4.58,88.91666666666667,POINT (-73.9600590000000011 40.7653589999999966)
02M507,4.13,83.65,POINT (-73.9905930000000041 40.7633700000000019)
10X141,3.97,133.51666666666668,POINT (-73.9134860000000060 40.8883379999999974)
02M400,2.8,84.53333333333333,POINT (-73.9875310000000042 40.7677910000000026)
08X348,3.83,119.9,POINT (-73.8385449999999963 40.8407020000000003)
31R047,3.55,143.93333333333334,POINT (-74.1585890000000063 40.5813149999999965)
14K586,3.82,86.06666666666666,POINT (-73.9436409999999995 40.7099410000000006)
13K430,2.76,84.55,POINT (-73.9769050000000021 40.6888339999999999)
09X297,3.45,110.56666666666666,POINT (-73.9044729999999959 40.8276419999999973)
17K745,2.77,96.65,POINT (-73.9424580000000020 40.6588929999999991)
24Q485,2.74,73.1,POINT (-73.9088140000000067 40.7110330000000005)
20K505,4.64,111.2,POINT (-73.9817950000000053 40.6204460000000012)
29Q248,3.21,52.0,POINT (-73.7568389999999994 40.6682350000000028)
07X551,2.84,96.13333333333334,POINT (-73.9253130000000027 40.8136409999999970)
14K610,2.67,92.53333333333333,POINT (-73.9532810000000040 40.7219809999999995)
08X405,2.93,119.9,POINT (-73.8385449999999963 40.8407020000000003)
19K422,3.58,127.4,POINT (-73.8747560000000050 40.6574590000000029)
30Q575,4.38,68.53333333333333,POINT (-73.9374339999999961 40.7513310000000004)
27Q309,4.31,76.06666666666666,POINT (-73.7627949999999970 40.6020099999999999)
10X440,3.02,112.76666666666667,POINT (-73.8869100000000003 40.8821780000000032)
27Q334,3.31,66.0,POINT (-73.8294070000000033 40.6930059999999969)
01M450,3.94,95.98333333333333,POINT (-73.9825550000000050 40.7295889999999972)
13K527,3.1,83.26666666666667,POINT (-73.9888530000000060 40.6946820000000002)
02M316,3.81,83.81666666666666,POINT (-74.0133019999999959 40.7056800000000010)
10X442,3.74,109.03333333333333,POINT (-73.8983089999999976 40.8702929999999967)
24Q296,3.04,75.1,POINT (-73.8706420000000037 40.7437299999999993)
02M296,2.21,99.61666666666666,POINT (-73.9929530000000000 40.7651839999999979)
09X517,2.95,106.1,POINT (-73.9044899999999956 40.8335110000000014)
03M494,2.45,84.73333333333333,POINT (-73.9847529999999978 40.7743510000000029)
30Q555,3.17,68.51666666666667,POINT (-73.9374449999999968 40.7513560000000012)
11X418,2.88,132.55,POINT (-73.8650360000000035 40.8514049999999997)
29Q283,3.1,52.0,POINT (-73.7568389999999994 40.6682350000000028)
13K412,3.24,87.56666666666666,POINT (-73.9587939999999975 40.6926419999999993)
32K554,4.74,77.1,POINT (-73.9131710000000055 40.6973699999999994)
07X670,3.28,96.96666666666667,POINT (-73.9303859999999986 40.8159380000000027)
02M374,3.1,90.5,POINT (-73.9876589999999936 40.7354940000000028)
15K656,3.4,79.6,POINT (-73.9802700000000044 40.6835590000000025)
24Q550,2.77,70.78333333333333,POINT (-73.8531779999999998 40.7374269999999967)
23K697,3.14,82.4,POINT (-73.9117049999999978 40.6658779999999993)
13K674,2.99,84.56666666666666,POINT (-73.9860149999999948 40.6949260000000024)
02M432,3.63,82.13333333333334,POINT (-73.9812409999999971 40.7461759999999984)
02M542,3.46,99.61666666666666,POINT (-73.9929530000000000 40.7651839999999979)
02M288,2.95,99.61666666666666,POINT (-73.9929530000000000 40.7651839999999979)
18K642,3.66,79.48333333333333,POINT (-73.8982539999999943 40.6414740000000023)
03M492,3.39,84.73333333333333,POINT (-73.9847529999999978 40.7743510000000029)
08X376,3.28,116.2,POINT (-73.8561669999999992 40.8222900000000024)
02M139,3.96,83.65,POINT (-73.9905930000000041 40.7633700000000019)
09X329,3.39,101.95,POINT (-73.9109100000000012 40.8404219999999967)
24Q600,3.26,82.81666666666666,POINT (-73.9282189999999986 40.7422049999999984)
02M543,2.8,87.16666666666667,POINT (-73.9893370000000061 40.7167779999999979)
18K569,3.51,98.6,POINT (-73.9221710000000058 40.6486570000000000)
02M475,3.03,93.86666666666666,POINT (-74.0137480000000068 40.7175900000000013)
31R455,4.34,147.91666666666666,POINT (-74.1920319999999975 40.5280920000000009)
08X530,3.22,97.98333333333333,POINT (-73.8982120000000009 40.8175120000000007)
11X544,4.14,123.25,POINT (-73.8619699999999995 40.8759530000000026)
10X284,2.91,108.38333333333334,POINT (-73.9122559999999993 40.8771050000000002)
02M308,3.03,87.16666666666667,POINT (-73.9893370000000061 40.7167779999999979)
13K499,3.96,80.9,POINT (-73.9621049999999940 40.6784880000000015)
11X299,2.94,124.2,POINT (-73.8610060000000033 40.8596649999999997)
27Q314,2.73,53.6,POINT (-73.8169379999999933 40.6757709999999975)
12X479,3.25,112.75,POINT (-73.9001049999999964 40.8277429999999981)
26Q435,3.11,65.46666666666667,POINT (-73.7387559999999951 40.7330660000000009)
02M260,3.97,83.18333333333334,POINT (-73.9927249999999930 40.7365179999999967)
02M449,2.68,88.91666666666667,POINT (-73.9600590000000011 40.7653589999999966)
12X271,3.48,101.53333333333333,POINT (-73.8883610000000033 40.8363560000000021)
29Q265,3.96,52.0,POINT (-73.7568389999999994 40.6682350000000028)
09X525,3.19,117.51666666666667,POINT (-73.9032360000000068 40.8435879999999969)
10X434,2.96,129.43333333333334,POINT (-73.8882669999999990 40.8600429999999974)
12X242,2.66,109.13333333333334,POINT (-73.8777850000000029 40.8314159999999973)
14K478,3.28,85.06666666666666,POINT (-73.9397220000000033 40.7121840000000006)
28Q686,2.84,60.916666666666664,POINT (-73.8566979999999944 40.7113670000000027)
06M346,3.34,102.28333333333333,POINT (-73.9420719999999960 40.8336869999999976)
27Q262,2.64,83.6,POINT (-73.8226240000000047 40.5860660000000024)
10X433,3.61,109.03333333333333,POINT (-73.8983089999999976 40.8702929999999967)
18K629,2.89,98.6,POINT (-73.9221710000000058 40.6486570000000000)
06M211,3.26,102.68333333333334,POINT (-73.9248350000000016 40.8660530000000008)
17K590,3.32,73.93333333333334,POINT (-73.9511669999999981 40.6671949999999995)
14K685,3.47,87.11666666666666,POINT (-73.9556110000000047 40.7058979999999977)
10X445,3.49,119.48333333333333,POINT (-73.8910400000000038 40.8775899999999979)
09X252,3.09,116.06666666666666,POINT (-73.9013159999999942 40.8392440000000008)
20K485,3.83,99.23333333333333,POINT (-74.0238489999999985 40.6372819999999990)
32K168,2.84,78.3,POINT (-73.9107910000000032 40.6969700000000003)
02M615,3.1,85.96666666666667,POINT (-74.0046250000000043 40.7244000000000028)
09X412,4.44,101.95,POINT (-73.9109100000000012 40.8404219999999967)
02M305,2.44,87.16666666666667,POINT (-73.9893370000000061 40.7167779999999979)
17K548,2.88,86.86666666666666,POINT (-73.9616950000000060 40.6703490000000016)
19K660,2.56,67.6,POINT (-73.8964299999999952 40.6741349999999997)
03M299,3.2,84.73333333333333,POINT (-73.9847529999999978 40.7743510000000029)
06M462,4.2,103.3,POINT (-73.9270510000000058 40.8559539999999970)
24Q520,2.92,73.73333333333333,POINT (-73.9336399999999969 40.7444119999999970)
11X253,3.19,123.25,POINT (-73.8619699999999995 40.8759530000000026)
01M292,3.1,91.73333333333333,POINT (-73.9863359999999943 40.7136840000000007)
10X342,3.95,109.03333333333333,POINT (-73.8983089999999976 40.8702929999999967)
14K071,2.81,84.83333333333333,POINT (-73.9531460000000038 40.7036239999999978)
26Q315,3.21,65.46666666666667,POINT (-73.7387559999999951 40.7330660000000009)
10X439,3.67,129.43333333333334,POINT (-73.8882669999999990 40.8600429999999974)
02M416,3.13,87.05,POINT (-73.9536080000000027 40.7701870000000000)
27Q324,4.31,83.6,POINT (-73.8226240000000047 40.5860660000000024)
19K510,4.11,71.06666666666666,POINT (-73.8947469999999953 40.6674560000000014)
13K594,3.75,80.9,POINT (-73.9621049999999940 40.6784880000000015)
07X259,3.37,100.41666666666667,POINT (-73.9070150000000012 40.8108029999999999)
15K519,3.13,85.61666666666666,POINT (-73.9909930000000031 40.6845240000000032)
02M520,3.26,91.51666666666667,POINT (-74.0008509999999973 40.7114419999999981)
09X263,2.76,116.06666666666666,POINT (-73.9013159999999942 40.8392440000000008)
13K419,2.91,86.7,POINT (-73.9850160000000017 40.6973389999999995)
21K525,4.46,104.21666666666667,POINT (-73.9592849999999942 40.6205250000000007)
30Q286,3.61,91.91666666666667,POINT (-73.9245910000000066 40.7712149999999980)
08X349,4.19,119.9,POINT (-73.8385449999999963 40.8407020000000003)
02M529,4.66,74.68333333333334,POINT (-73.9830780000000061 40.7577289999999977)
23K644,4.68,70.45,POINT (-73.9158429999999953 40.6778049999999993)
16K455,3.03,76.5,POINT (-73.9324069999999978 40.6794399999999996)
28Q310,2.5,59.13333333333333,POINT (-73.7972369999999955 40.7132179999999977)
17K382,3.8,89.85,POINT (-73.9585500000000025 40.6497870000000034)
30Q580,4.02,77.46666666666667,POINT (-73.9271690000000063 40.7553660000000022)
25Q263,4.07,87.3,POINT (-73.8205480000000023 40.7598440000000011)
08X561,4.11,116.2,POINT (-73.8561669999999992 40.8222900000000024)
02M551,4.47,91.96666666666667,POINT (-74.0116309999999942 40.7016950000000008)
21K690,3.18,113.21666666666667,POINT (-73.9944040000000030 40.6048789999999968)
30Q501,4.5,74.7,POINT (-73.9251210000000043 40.7565340000000020)
11X513,3.21,131.61666666666667,POINT (-73.8526939999999996 40.8878309999999985)
02M438,4.71,90.5,POINT (-73.9876589999999936 40.7354940000000028)
10X374,3.99,129.43333333333334,POINT (-73.8882669999999990 40.8600429999999974)
24Q293,2.94,75.1,POINT (-73.8706420000000037 40.7437299999999993)
31R460,4.22,137.83333333333334,POINT (-74.1242270000000048 40.5968030000000013)
14K474,4.16,85.06666666666666,POINT (-73.9397220000000033 40.7121840000000006)
15K462,2.98,91.96666666666667,POINT (-73.9792869999999994 40.6696290000000005)
10X696,2.61,114.65,POINT (-73.8953819999999979 40.8739380000000025)
30Q301,4.9,87.15,POINT (-73.9591960000000057 40.7429559999999995)
02M422,3.39,85.51666666666667,POINT (-74.0021359999999930 40.7428669999999968)
10X353,3.51,112.76666666666667,POINT (-73.8869100000000003 40.8821780000000032)
17K543,3.44,89.85,POINT (-73.9585500000000025 40.6497870000000034)
08X269,3.63,104.38333333333334,POINT (-73.8931280000000044 40.8205790000000022)
29Q313,2.72,51.13333333333333,POINT (-73.7457279999999997 40.6978190000000026)
12X684,4.31,112.08333333333333,POINT (-73.8753659999999996 40.8417940000000002)
19K583,3.26,53.916666666666664,POINT (-73.8683280000000053 40.6911460000000034)
08X432,2.04,116.2,POINT (-73.8561669999999992 40.8222900000000024)
25Q525,3.98,69.0,POINT (-73.8213920000000030 40.7343899999999977)
02M393,4.07,83.65,POINT (-73.9905930000000041 40.7633700000000019)
03M403,4.32,88.18333333333334,POINT (-73.9746140000000025 40.7858030000000014)
14K454,2.38,86.06666666666666,POINT (-73.9436409999999995 40.7099410000000006)
02M546,2.84,90.5,POINT (-73.9876589999999936 40.7354940000000028)
29Q259,4.74,69.23333333333333,POINT (-73.7535790000000020 40.7064599999999999)
19K502,2.48,71.06666666666666,POINT (-73.8947469999999953 40.6674560000000014)
18K566,2.86,83.48333333333333,POINT (-73.9167350000000027 40.6332850000000008)
09X327,2.59,105.66666666666667,POINT (-73.9160820000000029 40.8424949999999995)
26Q430,3.97,68.88333333333334,POINT (-73.7928299999999950 40.7407240000000002)
14K561,2.95,88.83333333333333,POINT (-73.9547539999999941 40.7150729999999967)
21K572,3.91,122.78333333333333,POINT (-73.9857700000000023 40.5942909999999983)
10X213,4.45,108.38333333333334,POINT (-73.9122559999999993 40.8771050000000002)
07X495,4.3,101.88333333333334,POINT (-73.9110299999999967 40.8182499999999990)
32K556,4.42,80.7,POINT (-73.9281399999999991 40.6950560000000010)
02M459,3.03,88.91666666666667,POINT (-73.9600590000000011 40.7653589999999966)
28Q440,4.37,72.48333333333333,POINT (-73.8456369999999964 40.7294020000000003)
09X260,4.69,112.05,POINT (-73.9024990000000059 40.8336650000000034)
09X403,3.72,110.56666666666666,POINT (-73.9044729999999959 40.8276419999999973)
12X248,3.22,106.95,POINT (-73.8976119999999952 40.8273149999999987)
28Q680,3.08,55.71666666666667,POINT (-73.8064990000000023 40.7188310000000016)
25Q240,3.81,79.76666666666667,POINT (-73.8278899999999965 40.7651660000000007)
21K348,3.94,122.78333333333333,POINT (-73.9857700000000023 40.5942909999999983)
20K490,3.5,103.1,POINT (-74.0400460000000038 40.6278349999999975)
05M148,4.8,91.91666666666667,POINT (-73.9477119999999957 40.8173719999999989)
02M411,2.85,83.55,POINT (-73.9865209999999962 40.7419300000000035)
07X527,4.34,101.9,POINT (-73.9238289999999978 40.8223100000000017)
17K546,3.96,96.65,POINT (-73.9424580000000020 40.6588929999999991)
32K552,3.24,78.3,POINT (-73.9107910000000032 40.6969700000000003)
31R028,2.78,130.51666666666668,POINT (-74.0826670000000007 40.6242629999999991)
09X564,3.74,101.95,POINT (-73.9109100000000012 40.8404219999999967)
06M293,3.11,108.3,POINT (-73.9306720000000013 40.8607900000000015)
31R605,3.35,129.13333333333333,POINT (-74.1153730000000053 40.5678729999999987)
11X508,3.69,124.2,POINT (-73.8610060000000033 40.8596649999999997)
02M630,3.42,77.98333333333333,POINT (-73.9672029999999978 40.7592399999999984)
08X312,3.2,116.2,POINT (-73.8561669999999992 40.8222900000000024)
02M533,2.59,90.5,POINT (-73.9876589999999936 40.7354940000000028)
24Q585,3.02,68.53333333333333,POINT (-73.8874820000000057 40.7299390000000017)
04M555,4.05,94.88333333333334,POINT (-73.9493810000000025 40.7937629999999984)
09X241,4.3,116.06666666666666,POINT (-73.9013159999999942 40.8392440000000008)
31R440,4.69,134.21666666666667,POINT (-74.1077370000000002 40.5693929999999980)
12X550,2.81,110.41666666666667,POINT (-73.8789119999999997 40.8316009999999991)
25Q285,2.74,91.61666666666666,POINT (-73.7900829999999956 40.7651329999999987)
25Q425,4.12,NaN,POINT (-73.8249440000000021 40.7381389999999968)
28Q505,2.98,57.95,POINT (-73.8016599999999983 40.7094459999999998)
31R080,3.27,136.51666666666668,POINT (-74.1020780000000059 40.6085169999999991)
10X437,4.16,129.43333333333334,POINT (-73.8882669999999990 40.8600429999999974)
19K504,4.49,71.06666666666666,POINT (-73.8947469999999953 40.6674560000000014)
05M157,2.59,93.48333333333333,POINT (-73.9394329999999940 40.8073830000000015)
09X324,4.73,107.9,POINT (-73.9176680000000061 40.8286960000000008)
15K463,3.47,91.96666666666667,POINT (-73.9792869999999994 40.6696290000000005)
26Q566,3.53,89.3,POINT (-73.7275350000000032 40.7460880000000003)
11X455,2.92,139.66666666666666,POINT (-73.8339040000000040 40.8740910000000000)
08X282,2.7,125.38333333333334,POINT (-73.8565799999999939 40.8148330000000001)
12X521,2.73,110.41666666666667,POINT (-73.8789119999999997 40.8316009999999991)
22K535,3.41,118.01666666666667,POINT (-73.9359520000000003 40.5808940000000007)
29Q326,3.25,54.5,POINT (-73.7711950000000058 40.7118490000000008)
05M362,3.22,97.56666666666666,POINT (-73.9558090000000021 40.8104310000000012)
15K448,4.77,98.71666666666667,POINT (-74.0013770000000051 40.6800700000000006)
27Q351,4.35,83.6,POINT (-73.8226240000000047 40.5860660000000024)
10X549,3.75,109.03333333333333,POINT (-73.8983089999999976 40.8702929999999967)
32K549,3.26,78.3,POINT (-73.9107910000000032 40.6969700000000003)
29Q272,3.31,52.0,POINT (-73.7568389999999994 40.6682350000000028)
19K639,4.05,53.916666666666664,POINT (-73.8683280000000053 40.6911460000000034)
27Q650,4.4,62.63333333333333,POINT (-73.8407169999999979 40.6895910000000001)
05M692,3.35,99.8,POINT (-73.9490969999999948 40.8207400000000007)
